4294967278,132
4294967278,131
4294967278,260
4294967278,447
4294967278,130
4294967278,256
4294967278,129
4294967278,128
4294967278,435
4294967278,127
4294967278,126
4294967278,125
4294967278,124
4294967278,123
4294967278,122
4294967278,121
4294967278,120
4294967278,429
4294967278,119
4294967278,118
4294967278,116
4294967278,115
4294967278,114
4294967278,113
4294967278,112
4294967278,111
4294967278,110
4294967278,109
4294967278,108
4294967278,107
4294967278,106
4294967278,105
4294967278,174
4294967278,103
4294967278,102
4294967278,101
4294967278,100
4294967278,99
4294967278,98
4294967278,97
4294967278,96
4294967278,95
4294967278,93
4294967278,92
4294967278,90
4294967278,89
4294967278,86
4294967278,85
4294967278,73
4294967278,72
4294967278,71
4294967278,70
4294967278,68
4294967278,66
4294967278,62
4294967278,346
4294967279,74
4294967279,72
4294967279,67
4294967279,56
4294967279,45
4294967279,43
4294967279,42
4294967279,41
4294967279,40
4294967279,39
4294967279,38
4294967279,36
4294967279,35
4294967279,34
4294967279,33
4294967279,32
4294967279,31
4294967279,30
4294967279,29
4294967279,28
4294967279,27
4294967279,26
4294967279,25
4294967279,24
4294967279,23
4294967279,22
4294967279,0
4294967279,19
4294967279,18
4294967279,17
4294967279,15
4294967279,13
4294967279,9
4294967279,7
4294967279,5
4294967279,4
4294967279,21
4294967279,20
4294967279,465
4294967278,273
4294967278,270
4294967278,269
4294967279,16
4294967279,459
4294967278,282
4294967279,14
4294967279,394
4294967279,12
4294967279,461
4294967278,297
4294967279,11
4294967279,457
4294967278,279
4294967279,10
4294967278,278
4294967294,1419
4294967294,163
4294967294,259
4294967294,161
4294967294,208
4294967294,204
4294967294,190
4294967278,407
4294967279,8
4294967279,285
4294967278,259
4294967279,262
4294967279,6
4294967279,259
4294967278,334
368,6
368,5
368,4
368,3
368,2
368,1
4294967279,453
4294967278,290
4294967279,256
4294967279,401
4294967278,289
4294967279,422
4294967278,254
4294967279,245
4294967278,117
4294967278,421
4294967278,240
4294967278,417
4294967279,475
4294967278,238
4294967279,238
4294967294,38
4294967294,37
4294967294,251
4294967294,29
4294967278,237
4294967279,237
4294967279,504
4294967278,236
4294967279,236
4294967279,232
4294967278,230
4294967279,226
4294967279,230
366,5
4294967278,228
366,4
4294967279,228
366,3
366,2
366,1
4294967279,471
4294967294,40
4294967294,41
4294967278,104
4294967294,426
4294967279,224
4294967278,222
4294967294,89
4294967279,222
365,4
4294967278,220
365,3
365,2
365,1
4294967278,219
4294967279,220
4294967278,218
4294967279,218
4294967278,216
4294967279,216
4294967278,214
4294967278,323
4294967279,280
4294967294,43
4294967294,430
4294967294,44
4294967294,52
4294967294,418
4294967294,51
4294967294,82
4294967279,214
4294967278,212
4294967279,213
4294967278,211
4294967278,415
4294967279,212
4294967294,85
4294967278,210
4294967294,1420
4294967294,83
4294967279,211
4294967294,92
4294967294,91
4294967294,88
4294967294,87
4294967279,210
362,4
4294967278,208
362,3
362,2
362,1
4294967278,383
4294967279,209
4294967278,207
4294967279,451
4294967278,205
4294967278,446
4294967279,488
4294967279,434
4294967278,358
4294967278,203
4294967278,359
4294967279,467
4294967279,419
4294967278,201
4294967278,286
4294967279,390
4294967279,485
4294967294,107
4294967278,199
4294967278,285
4294967278,0
4294967279,490
4294967294,439
4294967278,198
4294967294,269
4294967278,197
4294967278,339
4294967279,197
4294967279,447
4294967294,252
4294967278,94
4294967278,91
4294967278,87
4294967278,84
4294967278,83
4294967278,390
4294967278,82
4294967278,80
4294967278,79
4294967278,78
4294967278,76
4294967278,74
4294967278,65
4294967278,64
4294967278,63
4294967279,94
4294967279,93
4294967279,92
4294967279,91
4294967279,90
4294967279,89
4294967279,87
4294967279,86
4294967279,85
4294967279,446
4294967279,80
4294967279,79
4294967279,64
4294967279,53
4294967279,44
4294967279,37
4294967278,81
4294967278,397
4294967279,432
4294967278,193
4294967279,194
4294967279,193
4294967278,77
4294967278,445
4294967279,191
4294967278,75
4294967278,441
4294967294,22
4294967294,207
4294967294,186
4294967279,473
4294967278,389
4294967279,445
4294967279,444
4294967278,368
4294967279,185
4294967278,183
4294967294,388
4294967294,220
4294967279,70
4294967279,385
4294967278,182
4294967278,284
4294967278,69
4294967294,6
4294967279,183
4294967278,181
4294967294,414
4294967294,9
4294967294,254
4294967294,471
4294967278,67
4294967278,313
4294967278,179
4294967279,498
4294967279,177
361,6
361,5
361,4
361,2
361,1
4294967279,393
4294967279,52
4294967294,392
4294967294,46
4294967294,389
4294967294,120
4294967278,419
4294967279,462
4294967278,353
4294967278,380
4294967279,418
4294967278,169
4294967279,170
4294967279,168
4294967294,470
4294967294,0
4294967279,478
4294967279,308
4294967294,36
4294967294,39
4294967278,439
